100101267
100128590
100128927
100129196
100131213
100131390
100132273
100132707
100133311
100505975
100506826
100507171
100507178
100529209
100529211
10068
100874051
10105
101243545
10155
1022
10224
10318
1033
10383
10452
10498
10509
10528
1060
10736
10767
10826
10960
11011
11030
11059
11076
11094
11180
1119
11230
11273
112770
11313
11321
113246
11339
11341
113746
114907
1154
115825
115992
116983
117166
118433
1186
118881
118987
1211
123355
124056
124093
124245
125875
125950
125988
126074
126133
126393
126520
1277
130814
1311
132884
133383
1346
134637
138241
138311
1387
1396
143187
1453
146705
1468
1471
147645
147700
147948
148203
148327
148979
149134
149478
149603
1497
150094
150248
150291
151903
152992
153572
1537
153768
154467
157506
157695
160298
160622
162
162979
1632
163486
1649
1655
1659
166968
170463
170589
1733
1746
1747
1760
1762
1785
1839
1844
1856
1933
1936
1937
1942
1947
1969
197335
197342
1974
199720
202020
2021
202915
203054
2034
2175
2194
221927
222229
224
22838
22887
22897
22925
22933
22980
22994
23014
23048
23053
23077
23098
23130
23131
23135
23143
23144
23157
2316
23161
23162
23168
23192
23194
23218
23237
23246
23277
23279
23308
23309
23373
23464
23505
23514
23521
23522
2353
23592
23616
23635
23764
23770
2495
256364
257144
25796
2580
25839
2584
25852
25861
25876
25885
25898
25915
2593
25974
25992
26039
26061
26122
26155
26173
262
2627
26281
2637
2644
26575
2665
266743
26747
26750
26873
26986
27044
27076
27089
27115
27148
27165
27300
27338
27352
2737
2752
2766
2826
283643
284352
284459
284996
285016
28514
286077
286207
286262
28971
28984
2907
29079
29085
291
29116
29123
2931
2947
2950
2972
2975
29882
29886
29888
29894
29903
29924
29954
2997
30812
3145
317781
3182
3201
3241
337875
338707
338761
339123
3400
3420
343521
347733
347735
353091
3621
3623
3660
3695
3707
3717
3718
374291
375061
3795
38
3855
386627
387066
388199
388341
3885
388697
390213
390598
390748
3911
3955
3977
3985
399665
399687
400673
400916
401494
4043
4054
408
4123
4125
4141
415116
4232
4301
4363
440434
440836
440955
440957
441024
441307
441457
4487
4608
4610
4700
4814
4851
4860
4869
4967
50
50488
5090
51056
51062
51101
51104
51155
51163
51181
51263
51293
513
51310
51317
51364
51449
51477
51490
5150
5154
51593
51654
51655
51691
5170
51764
51809
5195
5208
5224
5228
5257
53
5360
53635
5364
5365
5366
5394
5426
5429
5441
54439
54441
54454
54477
54496
5451
54539
54541
54584
54665
5468
54796
54880
54905
54929
54934
54958
55016
55083
5511
55152
55160
55226
55229
55234
55284
55331
55336
55339
55421
55558
55588
55593
55643
55684
55690
55705
55716
55787
55802
55809
55876
5594
5616
56257
56259
5641
56834
56996
57095
57099
57103
57128
57130
57162
57179
57189
5725
57291
57418
57449
57462
57466
57553
57568
57591
57609
57634
57654
57661
57664
57673
57677
57685
57794
57799
58491
5871
5881
5900
5926
5930
5980
5997
6002
60529
60685
611
6124
613
6132
6134
6137
6141
6142
6147
6161
6176
6206
6224
6232
6237
6294
63891
6405
6421
64319
6432
643837
644128
64419
646019
646457
64747
64787
64837
64839
64864
64895
64926
64949
6497
650
65012
65078
65108
652
6525
6535
6566
6597
65986
6624
664
6642
6650
6794
682
6830
6843
6874
6878
6881
6919
6920
6934
694
7019
7087
7088
7090
7156
7164
7178
7262
7277
727910
7280
728463
728489
728743
728927
729970
729975
7343
7353
7378
738
7410
7423
7461
7469
7481
7507
7528
7546
7587
768
7690
7703
7707
7711
7745
7756
7767
7802
7832
7869
79006
79007
79050
79058
79074
79095
79144
79228
79575
79618
79690
79739
79783
79813
79840
79845
79864
79866
79879
7994
80149
80153
8021
80221
80223
80262
8028
80301
80306
80320
80329
80758
80772
8092
814
81490
81629
81631
8175
83439
83637
83667
8372
8379
83985
8409
84126
84166
84179
84181
84219
84231
8425
84264
84278
84317
84335
84337
84461
84640
84650
84656
84717
84809
84851
8487
84879
84973
8530
8535
85378
8540
85474
8554
8569
864
8665
8677
868
8706
8718
8732
8761
8780
8795
8804
8812
8874
8887
8897
8945
89941
90441
9123
91368
9139
9143
9150
91647
91978
9205
92283
92960
93058
93100
93550
9361
93650
9368
94031
94097
9462
9464
9518
9526
9533
9567
9569
9580
9627
9646
9673
9698
9701
9727
976
9775
9785
9810
9849
9873
9883
9887
9903
9968
9986
9997
100128782
100129543
100129716
100129827
100130417
100134259
100271836
100271927
100272228
100499466
100505538
100505718
100506178
100506649
100506804
100507297
100507299
100507567
100507602
100652739
100887750
10114
10166
10277
10283
10393
10559
10579
10650
10691
10721
10793
109
1102
11046
11064
11237
112479
11276
11318
113691
114803
115004
115560
115703
116412
125919
126017
126295
126526
126626
127428
128229
130574
130617
131474
132
132158
132160
133308
134285
134359
140890
1427
143684
144577
146223
146956
148137
150082
151449
151556
152519
153364
155368
157567
158471
162461
1629
162972
162993
170959
171022
1939
1950
196441
201973
202052
2187
219539
220074
222696
22900
23035
23041
23054
23091
23138
23140
23208
23236
23247
23332
23380
23394
23410
23435
23461
2352
23536
23623
23632
23760
2524
2533
253769
254042
254887
255043
255812
256051
257194
25758
25788
25836
25956
25983
26005
26015
26019
26030
26230
27005
27075
27098
272
27229
27343
283011
283104
283299
283870
284018
284325
284702
285033
285267
285352
286075
286151
286190
2868
2898
29093
29104
29896
3077
3177
3183
3229
323
339210
342184
342945
3430
346157
347240
347732
353322
374395
374900
374986
3778
387640
388536
388567
388569
388588
388963
3978
399473
400720
400761
401612
402483
4126
440078
440253
440288
440423
441394
442213
442590
4528
4801
4862
4909
493856
50807
50944
51072
51076
51127
51130
51347
51351
51363
51455
5147
51533
51619
51701
51755
5218
5387
53938
54617
54753
54778
54812
54820
54885
54891
54892
54904
54914
54916
5495
55006
55014
55070
55154
55188
554203
55506
55526
55601
55632
55672
55691
55721
55732
55762
55778
5580
5586
5601
5604
56063
56252
5636
56479
57336
57415
57521
57522
57592
57657
57697
57763
5782
5790
5793
5796
5797
585
58517
5994
60625
622
6253
636
63899
63908
63920
64167
642366
64283
6430
643180
64395
647310
64863
65059
65249
65250
65251
65258
65989
6623
6668
6871
6873
6883
6991
7123
724087
728190
728568
7297
730092
731223
7443
7551
7554
7565
7579
7586
7644
7694
7695
7769
7776
78996
79081
79101
79165
79365
79600
79637
79640
79712
79744
79842
79906
79932
79970
79998
80167
80184
80216
80235
80336
80778
81491
81550
81559
8218
83547
83943
84081
84190
84503
84547
84623
84816
84869
84958
85451
8567
8650
8797
8813
8821
8906
90427
9122
91614
9179
91833
91975
9217
9235
93517
93627
9392
94239
9459
9534
957
9617
97
9730
9734
9735
9786
9829
9851
9878
9942
9984
10003
10004
100128076
100128327
100128750
100128788
100129055
100129480
100129482
100130301
100130348
100130522
100130742
100130958
100131089
100131366
100131564
100132163
100132215
100132247
100132352
100132417
100132618
100133205
100133985
10017
100170217
100188947
100271715
100287284
100287559
100287765
100288413
100288615
100288637
100289019
100289187
100289473
100292680
100302691
100306951
100379224
10045
100499183
100505636
100505715
100505761
100505826
100505845
100505894
100505912
100506068
100506100
100506215
100506334
100506499
100506540
100506555
100506713
100506779
100506930
100506939
100506963
100506994
100507086
100507203
100507250
100507257
100507501
100507557
100507564
100533106
100533990
10058
100616190
100616668
10062
100628307
100652824
100750326
100859921
100861519
100862704
100874054
100874093
100874261
100885779
100996569
100996634
101059948
10110
10125
10141
101410535
1015
10152
10154
1018
10203
10220
10233
10242
10243
10249
10260
10302
10307
10324
10347
10349
1040
10420
10443
10458
10466
10507
1056
10560
10580
10610
10629
10666
10673
10675
10683
10693
10699
1070
1071
10745
10747
10748
10750
10780
10791
10795
10806
10825
10850
10882
10888
10903
10905
10913
10964
10991
10998
11016
11019
1104
11061
11093
111
11104
11107
11129
11138
1114
11159
1117
11174
11176
11181
11209
1123
11232
112609
112724
11278
11319
11320
113235
113277
1133
1134
113451
1136
113612
1138
114034
114134
114294
114659
114784
114792
114819
114822
114876
114898
114899
114900
114987
115111
115273
115584
115708
115727
116093
1161
116228
116236
116362
1164
116442
116443
116447
117153
117157
117248
117579
117583
118490
118491
118663
118672
1193
120400
120863
120935
121273
121278
1215
121536
121793
122945
123036
123103
123264
123346
1235
123591
123688
123775
123904
1241
1244
124411
124637
124751
124790
124817
124930
124936
124989
125150
125206
125965
126014
126069
126432
126695
126820
126823
126859
126868
126969
127003
127391
127495
127602
127700
1280
128346
128876
129401
129685
1298
129804
129881
130026
130162
130367
130502
130589
130749
131118
131450
1318
131831
131873
132001
132228
132320
132946
133015
133396
133491
133923
134466
134549
134728
136
136242
136263
136332
1368
137209
137682
137735
137994
138065
139324
140290
140691
140699
1407
140711
140862
140894
1411
142684
142913
143282
143379
143686
143884
143941
144100
144193
144321
144406
144453
144481
144608
144715
145226
145376
145501
145837
145957
146057
146059
146177
146206
146433
146664
146754
146857
147011
147658
147660
147670
147685
147686
147741
147746
147798
147837
1479
147906
147965
148206
148709
148870
149069
149175
149428
149461
149483
149685
150159
1504
150709
150864
150946
150962
151050
151195
151242
151254
151525
151649
151742
151790
152024
152110
152206
152225
152405
152503
152831
152940
153657
1540
154091
154197
154313
154865
155400
155435
157
1576
157657
157680
157739
157777
158067
158314
158381
158401
158405
158431
158798
159195
1594
160287
160335
161142
161247
161253
161436
161635
161823
161835
162963
163115
163131
163259
163479
164684
165055
165082
165679
166752
167227
167359
167555
168507
168667
1690
169166
169436
169522
169792
170392
170960
171389
1723
1730
1757
1763
1806
1811
192669
193629
1943
1952
196294
196410
196513
196951
196968
197135
197257
197258
197358
199223
1995
1997
200132
200159
200420
200558
200895
200958
201164
201181
201232
201283
201456
2016
201625
201633
201780
202051
202181
202243
202299
202333
2026
203100
203102
203111
203522
2043
205717
206338
2065
2081
2125
2147
2165
2169
218
2186
219537
219743
220001
220004
220047
220108
220136
2210
221044
221078
221091
221143
221150
2212
221393
221421
221424
221442
221468
221476
221656
2217
221756
221785
221786
222234
222255
222611
222643
222950
223075
2241
2254
2256
22824
22849
22852
22858
22869
22874
22884
22889
22899
22911
22977
22981
22982
22989
22996
23001
23019
23030
23043
23060
23066
23081
23085
23092
23094
23095
23109
23127
23133
23139
23163
23220
23221
2323
23233
23253
23274
23285
23301
2331
23314
23315
23318
23331
23335
23349
23362
23408
23416
23418
23491
23548
23563
2359
23615
23660
23729
23768
24
245711
246181
246213
246312
2487
252983
252995
253639
253959
254048
254050
254065
254187
254268
254778
254827
254896
255022
255061
255119
255324
255411
255743
255762
255809
256021
256309
256643
256714
256949
256957
257
2570
257106
257169
257177
257396
257415
25775
25780
25790
25803
25820
25821
25840
2585
25850
25859
25862
25865
25903
2591
259308
25949
25961
25981
26013
26040
260425
26043
26049
26052
26054
26084
26093
26137
26228
26231
26249
26263
2643
2648
26499
26512
26526
2660
266675
2672
2678
2693
2695
2696
26996
270
2700
2701
27030
27039
27067
2707
27071
27124
27130
27132
27134
27146
27163
27232
27241
27252
27285
27289
27290
27294
27303
27306
27345
2735
2762
2774
2779
280
2800
2819
282679
283335
283446
283450
283459
283521
283537
283551
283553
283571
283579
283600
283624
283796
283933
284009
284021
284029
284083
284085
284131
284161
2842
284266
284306
284370
284385
284390
284391
284408
284418
284427
284440
284443
284525
284677
284723
284992
285045
285051
285148
285172
285331
285335
285386
285407
285521
285588
285593
285626
285740
285755
285758
285759
285782
285908
285989
286059
2861
2862
287
2888
2893
2897
2901
2905
29063
29114
29115
2949
2959
29760
29765
2978
2979
29799
29906
29974
2998
29988
29992
29994
29999
3000
30061
3034
3059
3061
3081
3083
3101
3140
316
3161
3169
317719
317762
319
3198
3208
3263
3268
3291
330
333926
335
3373
3382
338321
338323
3385
338699
339327
339483
339512
339524
339541
339804
339829
339834
339855
339874
339883
339894
339977
340152
340351
340485
340547
340554
341277
341346
341676
341883
342372
342667
342908
343099
343263
343505
344022
344387
344657
344805
344875
345274
345611
345895
346653
347273
347344
347689
347744
348
348094
348751
348801
35
353497
3552
3593
3595
3606
3656
3663
3669
3679
368
3680
3682
3691
3694
3698
3699
3700
3706
3708
373509
374407
374618
374907
374928
3750
375190
375316
375484
375519
375616
376940
3770
3784
3821
386758
387644
387700
387885
387914
387990
388284
388335
388381
388507
388550
388564
388815
388849
388906
389170
389206
3899
389906
389941
390561
390927
391123
393
3932
3938
394
3948
3965
399512
399715
399815
399888
399967
399968
400121
400221
400224
400500
400581
400680
400793
400823
400946
400960
400999
401024
401027
401258
401320
401546
401898
401944
401980
402573
4033
404665
4058
406
4067
4084
4140
4147
4163
4168
4185
419
4241
4253
4291
4327
4336
4343
4353
440028
440044
440077
440184
440193
440278
440419
440435
440600
440900
440944
441009
441027
441054
441072
441108
441161
441168
441459
442721
4438
4520
4593
4595
462
4621
4640
4703
4750
4775
4778
4794
482
4849
4904
4931
4935
493754
493829
493860
497190
49855
4999
5013
5016
50855
50939
51027
51090
51098
51134
51146
51151
51174
51191
51196
51208
51222
51233
51237
5125
51265
51285
51306
51308
51332
51365
5143
5146
51478
51479
5148
5155
51561
51567
51585
51678
51692
51710
51742
51763
51780
51805
51807
5189
5190
5244
5256
5303
5306
5310
5313
5318
53340
53346
5382
53833
54106
5414
54149
54209
54329
54457
5449
54494
5463
54663
54757
54758
54764
54799
54810
54823
54827
54828
54831
54834
54847
54854
54855
54856
54857
54869
54879
54883
54894
54900
54901
54903
54943
54980
54986
55009
55063
55090
55100
55112
55120
55124
55125
55132
55135
55139
55157
55168
55179
55200
55249
55252
55275
55280
55294
55297
55342
55349
55359
55370
554
554251
554279
55508
55509
55510
55521
55556
55582
55596
55617
55633
55667
55668
55671
55680
55693
55777
55779
55785
55789
55808
5581
55811
55812
55815
55833
55852
55856
55870
55904
55930
55957
55959
55964
5603
56155
56158
56171
5624
56288
56311
56339
56477
56603
56605
56606
5662
5663
56673
56676
56751
56833
56901
56919
56924
56946
56954
56963
5697
56992
56995
570
57047
57053
57096
57150
57165
57168
57217
57231
5731
5733
57337
5734
57381
57402
57409
57452
57460
57463
5747
57472
57482
57508
5753
57535
57539
57554
57556
57563
57613
57622
57662
57669
57688
57699
57706
57716
5777
57821
580
5800
58155
5820
5837
58484
58492
58494
58508
58529
58538
5890
5893
5909
5927
59341
59348
596
5961
5966
5971
5973
5984
5991
60386
60491
60494
60686
608
6095
6123
6195
6261
6288
6296
6297
631
6311
6337
6352
63914
63917
63925
63935
64080
64081
64091
64097
64102
64127
641298
6414
64168
64218
642280
6425
642843
64288
642924
64326
64333
643669
643677
643749
64375
64377
6439
644444
6445
644660
6447
644714
645158
645212
645687
64577
645811
6462
646498
6468
647024
647174
64718
64753
647946
64849
64857
648987
6490
64901
64927
64946
65055
650794
651
65117
651302
6514
6517
6519
652276
6528
6532
653479
653712
6539
6540
654254
654463
6546
6548
6553
6554
6557
6580
6584
65979
6622
6655
6672
6674
6676
673
6764
678655
6795
6811
6813
6821
6832
6857
6866
6868
6869
6895
6943
696
7007
7008
7042
7043
7047
7051
7060
7093
7107
7125
7134
7135
7139
718
7185
723809
7248
7253
7273
727758
727956
728130
728228
728411
728431
728464
7287
728780
7288
729156
7294
729515
729582
729597
729609
729648
729723
729920
730051
730091
730094
730112
7348
7351
7352
7403
7442
7462
7480
7482
752
7535
7589
762
7678
7696
7700
7702
7718
7727
775
7754
7770
7771
7786
7799
785
7855
786
7871
78989
78991
79025
79048
79064
79090
79098
79104
79132
79147
7915
79168
79169
79176
79369
7955
79583
79589
79609
79628
79661
79663
79664
79696
79726
79730
79738
79741
79753
79774
79777
79804
79819
79834
79847
79848
79856
79858
79867
79871
79887
79898
79933
79935
79944
79949
79956
79957
79961
79963
79993
80003
80022
80024
80028
80045
80055
80063
80122
80129
80169
80174
80201
80208
80222
8029
80298
80312
80315
80317
80318
80321
8048
8050
80705
80726
80759
80763
80832
80833
8085
81492
81501
8153
81544
81558
81602
81607
81846
8208
825
8288
8292
83445
83452
83464
83538
83593
83656
83694
83706
83716
83733
83734
83759
8382
83850
83856
83873
83875
8399
84034
84060
84063
84070
84073
84077
84083
841
84101
84124
84140
84152
8416
84223
84267
84276
84283
84288
843
84314
84329
8436
8438
844
84446
84464
84502
84519
84524
84542
84553
84561
8460
84660
84667
84688
84698
84734
84765
84771
84787
84791
84812
84820
8484
84859
84866
84870
84883
84911
84924
84947
8497
84985
85015
8503
85302
85366
85441
85459
85461
85462
85478
8549
8555
8556
8559
8601
8603
8605
8611
8620
8639
8643
8648
8649
8673
8701
8743
8747
8794
8814
8817
8846
8858
886
89
89781
89782
89894
89932
8997
8999
90025
901
90113
90167
9026
9027
9050
90525
9054
9056
90576
90594
90634
90678
90799
9095
9099
9104
91057
9108
91181
9133
9138
9149
91582
91687
91695
9175
91862
9187
919
9196
91977
920
9223
92335
92340
92421
9245
9256
92565
92749
92797
92979
93010
93035
9310
9353
93594
93643
9370
9389
9398
9400
941
94134
9425
9473
9480
949
9499
9508
9543
9545
9587
9625
963
9637
9666
9668
9681
9704
9706
971
973
9732
9755
9762
9796
9830
9856
9863
9866
987
9874
9881
9900
9901
9904
9910
9924
9931
9945
9963
9985
100
1000
10000
10001
100037417
10005
10006
10007
10009
100093630
100101467
100124700
100125556
100128398
100129195
100129842
100130890
100130987
100131211
100131234
100131655
100131827
100131998
100133315
100144603
10019
10020
100268168
100271722
100287015
100287171
100287314
100287616
100288069
100288778
100288842
100288911
100288974
100303755
100316868
10036
10038
10039
10040
10042
10048
100505566
100505641
100505678
100505687
100505738
100505806
100505876
100505881
100506023
100506033
100506054
100506190
100506233
100506243
100506311
100506394
100506428
100506451
100506599
100506639
100506697
100506710
100506714
100506746
100506835
100507032
100507217
100507321
10052
100526739
100526833
100533182
100652758
100652768
100652772
10069
100775104
10078
10082
100874042
100874058
100885776
10098
100996939
10106
10111
10112
10113
10116
1012
10120
10128
10129
10133
10138
101409261
10142
10147
10150
101559451
1017
10172
10179
10181
10186
10190
10193
10194
10198
10200
10201
1021
10217
10221
10229
10236
10238
10240
10248
1025
10252
10253
10254
1027
10274
10276
10278
10282
10285
10289
10290
10291
10293
10298
10299
103
10308
1031
10312
1032
10325
10328
10329
10335
10336
10342
10363
10370
10371
10385
1039
10390
10395
104
10403
10404
10413
10424
10425
10436
10445
10447
10460
10464
10468
10472
10473
10474
10475
10477
10484
10486
10492
10512
10521
10526
10527
1054
10541
10564
10565
10572
10575
1058
10587
10592
10600
10602
10605
10606
10611
10613
10618
1062
10625
1063
10634
10635
10642
10643
10644
10645
10651
10657
10658
10664
10678
10695
10712
10717
1073
10732
10733
10735
10743
10746
10762
10766
10768
10771
10776
10778
10781
10794
10799
10802
10807
10817
10827
10838
10845
10847
10848
10849
10865
10867
10869
10885
10899
10902
10914
10915
10916
10924
10927
10928
10938
10940
10943
10947
10955
10962
10973
10974
10979
10987
11010
11013
11015
11018
11020
11052
11054
11057
11062
11070
11072
11073
11078
11080
11083
11099
11102
11117
11118
11120
11123
11130
11132
11135
11143
11149
11155
11157
11160
11162
11171
11178
11183
11186
11193
11196
11198
112
11201
11215
11216
11221
11226
11227
11228
11234
11238
11245
11248
11260
112611
11266
11267
11275
11284
112849
112858
1129
112936
112942
112950
11311
113130
113174
113201
11325
113263
11329
11333
113402
113419
11342
113444
113457
113510
113791
114044
114112
1146
114609
114614
114625
1147
114785
114787
114791
114799
114818
114823
114825
114882
114883
114885
114904
115106
115265
115416
115426
115509
115701
115752
115817
115950
116039
116068
116092
116115
116150
116151
116225
116535
116832
116840
117143
117178
1176
117608
1182
118421
1185
118924
118980
1195
119559
1196
120
120103
120227
120534
121260
121274
1213
121441
121457
121512
121642
122509
122525
122553
122616
122786
122809
122953
123207
123606
123720
123920
124222
124454
124491
124997
125058
125228
125488
126068
126282
126308
126375
126382
1266
127253
127435
127703
127943
128061
128239
128272
128308
128338
128486
128637
1290
129285
1293
129450
1296
129642
129787
129831
1303
1305
130535
130557
130612
130872
1315
131544
131566
1316
131616
131870
131965
132200
132299
132430
132671
134145
134218
134265
134266
134353
134429
134492
134553
135114
135293
1355
136051
1371
137392
137492
1376
137695
137964
138050
138151
138639
138716
1390
139231
139285
1399
140459
140576
140609
140612
140688
140766
140775
140838
140885
140901
1432
1435
1436
143888
144165
144233
144245
144455
144501
144571
144811
145173
1452
145389
1455
1456
1457
145853
1459
146050
1462
1464
146540
146542
146923
147172
147339
147372
147463
147650
147687
147808
147841
147949
147991
148022
148103
148156
148189
148213
148254
148268
148362
148423
148479
1486
1487
148789
148867
1490
149076
149420
149837
149986
150275
1503
150368
150383
150465
150468
151011
151246
151258
1513
1514
151507
151613
151648
151887
152006
152185
152485
152518
152687
152742
152815
152926
153090
153129
153241
153684
153769
153830
154007
154214
154810
155060
155185
155370
157285
157378
157570
157769
158046
158234
158257
158293
158427
158572
158747
159013
159090
1601
160418
160428
1605
1606
160760
160857
160897
161176
161742
162681
162966
162967
163049
163051
163081
163227
1633
163590
163882
164
164091
164284
165215
1657
165918
1660
1663
166336
166379
1665
166614
166793
166929
167153
1676
1678
168374
1687
169270
169981
170506
171017
171024
171392
171546
171568
1719
172
1739
176
1773
178
1783
1793
1798
1802
1810
1820
1827
1832
1836
1843
1845
1848
1849
1854
1861
1870
1871
1875
1876
1893
1894
1902
1903
1906
1909
1911
1912
192670
1948
1955
1956
195827
196051
196074
196403
196743
196883
197259
197320
1979
1981
1982
1983
199221
1994
199692
199777
199953
2000
200014
200081
200205
2004
200734
2009
200933
200942
201161
2012
201562
201627
2017
201965
202
2029
203069
203197
203228
203245
203259
203523
203547
2037
2040
204010
204851
205327
2054
2055
205564
2059
2060
206358
2067
2069
2077
2086
2098
210
2107
2110
2113
2118
2119
2120
2131
2134
2135
2137
214
2145
2149
2150
2152
2178
2189
219
2191
219285
219333
219348
219402
2195
219541
219654
219699
219749
219790
219844
219899
219902
219988
220042
220064
2202
220594
220729
220906
220988
221035
221037
221120
221294
221302
221336
221443
221477
221491
221496
221662
221710
221749
2218
221960
222166
2224
222484
222658
2230
2246
2247
2250
2274
2275
22796
22800
22808
22821
22822
22828
22829
22834
22836
22841
22846
22847
22850
22856
22861
22862
22864
22868
22871
22877
22878
22879
22890
22891
22893
22898
22902
22903
22905
22906
22909
22926
22929
22934
22936
2294
22943
2295
22950
22955
22974
22976
22978
22984
22990
22993
23012
23013
23022
23032
23033
23034
23039
23042
23049
2305
23051
23052
23063
23064
23067
23070
23074
23075
23080
23082
23087
23099
23102
23116
23118
23122
23125
23126
2313
23137
23141
23152
23167
23175
23176
23180
23185
23190
23196
23197
23198
23200
2321
23211
23213
23214
23215
23216
23230
23243
23244
23252
23256
23258
23262
23264
23268
23271
23272
23300
23306
23310
23312
23317
23321
23327
23328
23333
23334
23338
23339
23341
23345
23351
23353
23357
23360
23361
23365
23367
23369
23378
23383
23384
23386
2339
23390
23392
23395
23397
23398
23404
23405
23413
23417
23428
23429
23431
23432
23438
23443
23451
23466
23468
23469
23471
23473
23483
23492
23499
23506
23510
23512
23517
23528
23530
23531
23534
23541
23543
23545
2355
23550
23568
23576
23583
23587
23594
23596
23598
23603
23607
23621
23633
23642
23647
23649
23657
23658
23670
23677
23682
23683
23704
23710
23731
23753
23774
23786
24140
24144
24149
245812
246126
246243
246330
2475
2491
2519
252969
253039
2531
253143
253461
253635
253714
253827
253943
254128
254225
254394
254552
2551
255252
255480
255919
255967
256227
256356
257160
257364
25766
25799
25802
25805
25807
25814
25816
25819
25822
25829
25831
25845
25847
25879
25880
25888
2589
25894
25895
25896
25900
25901
25904
25906
25909
25913
25914
2592
25921
25923
259230
259266
25927
25929
25930
25932
25934
25937
25938
25940
2595
25950
25957
25959
25962
25966
25972
25976
25979
25988
25989
25998
26001
26003
26009
26010
26018
26035
26036
26037
26064
26065
26091
26094
26097
26108
26118
26121
26128
26130
26147
26151
26152
261726
26175
2618
26190
26205
2622
26225
26229
26233
26235
26258
26268
26269
26270
26271
26272
26276
26277
26278
26289
2629
2630
2633
26330
2635
26469
2650
26509
26515
26520
26524
26578
26585
26586
26608
2668
2669
2673
26751
26872
2697
26973
26985
27
27000
27013
27032
27033
27034
27042
27063
27077
27079
27086
27102
27106
27109
27129
27131
27141
27152
27154
27161
27175
27183
27230
27239
27245
27250
27257
27286
27291
27292
27297
2730
27301
27315
27332
27333
27336
27340
27349
27350
2736
27430
2744
2745
2768
2770
2782
2801
2802
2803
2804
2820
28231
282809
283078
283149
283237
283314
283337
283349
283373
283392
283489
283635
283922
283951
284
284080
284098
284106
284273
284307
284309
284346
284349
284371
284403
284406
284565
284612
284613
284695
285193
285203
285237
285268
285343
285381
285440
285550
285590
285598
285613
285636
285704
285855
285958
286042
286101
286122
286128
286148
286257
286410
2887
2892
28951
28955
28966
28970
28977
28982
28985
28987
28990
28996
28998
29066
29068
29071
2908
29080
29087
29089
2909
29090
29092
29100
29102
29109
29117
29121
29127
29128
2919
2926
2932
2941
2946
2954
2956
2957
2965
2969
2976
29761
29763
29766
29767
29777
29798
29803
29844
29893
29902
29904
29914
29915
2992
29922
29923
29925
29927
29945
29946
29960
29964
29965
29969
30000
30001
301
3017
3033
3052
3066
3070
30833
30837
30845
30849
30850
3091
3093
3096
3097
3099
31
3142
3146
3148
3149
3150
3157
3162
317
3185
3189
3192
3199
3207
3212
3226
3236
3237
3251
326625
3269
3275
3280
329
3292
3308
331
3312
332
3338
3340
3364
3371
3376
338322
338657
338692
339005
339175
339229
339287
339290
339318
339324
339344
339535
3399
340061
340075
340371
340481
340591
3416
3419
342357
342371
342892
342909
342926
344558
344595
345462
347734
347862
347902
348235
348327
348793
348926
348995
3491
349160
353088
353274
3553
3566
3569
3572
3575
3576
3588
3589
359845
359948
3600
360023
3607
3609
3612
3619
3622
3624
3625
3628
3633
3652
3658
3661
3667
367
3672
3673
3676
3685
3688
3690
3709
3716
372
3720
3732
374354
374383
374393
374443
374666
374879
3749
374969
375033
375056
375260
375444
375743
375748
377
3776
378805
3796
3799
3801
3831
3837
3839
3840
3842
3845
387032
387104
387647
387787
387921
388115
388323
388324
388552
388558
388561
388566
388796
389114
389136
389247
389362
3895
389538
389558
389677
3908
390916
390980
391
3910
3913
391712
392490
3930
3931
3949
3957
3976
3980
3984
3987
3988
399671
399694
399726
399959
399972
399979
400
400360
400506
400550
400566
400569
400657
400684
4007
400713
400745
400765
4008
400931
401115
401264
401397
401431
4015
401535
401588
4017
402055
4026
403
403341
404093
404220
404672
4060
4066
4071
4074
4077
407975
4088
4089
4091
4092
4093
4097
4124
4130
4131
414
414318
4144
4152
4154
4170
4172
4175
4176
4189
4194
4204
4205
4209
4211
4212
4214
4233
4234
4236
4238
4239
4254
4288
4292
4294
4297
4299
4311
4323
4331
4335
4350
4356
4357
4361
440026
440145
440275
440456
440498
440519
441094
441172
441191
441194
442582
4430
444
4488
4501
4524
4548
4591
4594
4598
4603
4605
4609
4638
4646
4649
4650
4651
4659
466
4664
4665
4668
4676
4683
4709
471
4717
4719
472
473
4731
4735
474343
4752
4763
4776
4779
4780
4783
4790
4792
4799
4800
4803
4817
4820
4836
4837
4864
4883
4891
4893
4898
4899
490
4907
4908
4921
4925
4928
493
4943
494514
4952
4968
497258
49854
4998
5007
501
5021
5025
5045
5048
50485
5054
5062
50628
5066
5069
50717
5074
50804
50809
5082
5094
50999
51000
51001
51004
51006
51010
51011
51018
51020
51022
51028
51029
51030
51043
51053
51058
51061
51063
51070
51077
5108
51082
51088
51093
51095
51096
51100
51102
51103
51105
51106
51114
51117
51122
51125
51131
51135
51136
51141
51147
51161
51175
51177
51186
51193
51199
51203
51204
51227
51230
51244
51249
51250
51256
51264
5127
51272
51274
51275
51279
51283
51290
51309
51312
51315
51318
51324
51334
51339
5134
51341
51343
51366
51367
5137
51377
51380
51393
51409
51421
51426
51427
51430
51434
51439
51441
51444
51465
51474
51499
51512
51523
51524
51526
51530
51531
51542
51550
51552
51562
51564
51566
51569
51571
51574
51575
5159
51594
51599
51602
51603
51608
51611
51621
51626
5163
51637
51646
51651
51665
51668
51696
51715
51719
51726
51734
51747
51776
5193
5198
5201
5205
5217
5269
5271
5277
528
5281
5283
5286
5290
5292
5295
5298
5305
5307
5311
5316
5326
5327
5329
5332
53343
53358
5347
535
5355
5359
53615
53637
5372
5376
5378
5379
538
53838
539
5396
53981
54058
54059
54093
54108
5411
5412
541471
541565
541578
54165
54206
5422
54328
5433
54332
5436
5439
54407
54431
54432
54433
54434
54453
54461
54462
54464
54465
54467
54468
54470
54471
54475
54476
54480
54482
54487
54492
54497
545
54503
54505
54510
54517
5452
54522
54529
54531
54532
54534
54537
54542
54545
54552
54556
54557
546
54621
54622
54629
5465
5467
54676
54680
54704
54707
54718
54751
54752
54765
54780
54788
54801
54802
54806
54808
54809
5481
54811
54816
54822
54838
54839
54840
54841
54842
54843
54850
54851
54858
54863
54865
54870
54872
54876
54877
54878
54896
54908
54910
54915
54920
54921
54925
54926
54930
54936
54938
5494
54942
54949
54955
54956
54957
54962
54964
54968
54969
54977
54978
54989
54995
55000
55002
55005
55015
55027
55028
55030
55032
55033
55035
55038
55048
55051
55054
55055
55062
5507
55071
55074
55075
55076
55082
55102
55110
55111
55114
55116
55119
55122
55128
55143
55144
55145
55147
55151
5516
55161
55163
55165
55167
55171
55176
55178
55180
55181
55183
55186
55187
55193
55197
55198
55199
5520
55204
55205
55209
55213
55214
55215
55216
55219
55223
5523
55230
55233
55236
55238
55240
55247
5525
55254
55255
55257
55262
55266
55267
55274
55288
5529
55290
55291
5530
55316
55317
5532
55322
55323
55325
55326
5533
55332
55334
5534
55343
55346
55356
55357
55362
55364
55366
5537
55388
554202
55422
55425
55435
55437
55449
55454
55500
55504
5552
55536
55552
55559
55568
55572
55577
55578
55585
55591
55599
55602
55619
5562
55622
55625
55629
55635
5564
55650
55652
55654
55656
55657
55659
55665
55666
55669
55677
55681
55683
55689
55692
55700
55701
55704
5571
55711
55713
55714
55718
55719
55726
55740
55744
55745
55748
55749
55751
55752
55757
55760
55761
55763
55768
55769
55771
55775
55776
5578
55780
55783
55793
55795
55798
558
55810
55813
55814
55818
55830
55835
55839
55846
55854
55863
5587
55872
55884
55888
55892
55900
55909
55914
55916
55917
5592
55922
55929
5597
55970
55972
5598
56006
56034
5606
5610
56180
56181
56242
56256
56261
56262
56267
56270
5635
5638
5648
56623
5664
56647
56650
56652
56672
56683
56776
5681
56849
5685
56852
56882
56886
56888
56890
56893
56898
56900
56911
56912
56913
56929
56937
56938
56940
56941
56945
56947
56948
56956
56957
56965
56967
56970
56971
56978
56981
56985
56986
56990
57002
57045
5706
5707
57082
57089
57092
571
57106
57117
57120
57122
57140
57147
57148
57153
57154
57157
57158
5716
57169
57171
5718
57180
57181
57182
57184
57185
57187
57198
57205
57211
57212
57213
57214
57222
57223
57228
5723
5728
5732
57325
57326
57343
5739
57396
574036
57404
57407
57414
5743
57448
57456
57459
57474
57476
57478
57479
57486
57489
57491
57493
57494
57506
57507
57513
57514
57531
57532
57534
57541
57542
57545
57546
57547
57559
5756
57560
57567
57570
57574
57584
57587
57589
57590
57594
57600
57604
57606
57608
57616
57619
57620
57621
57630
5764
57645
57650
57659
57679
57683
57684
57690
57696
5770
57700
57703
57707
5771
57724
57727
57728
57761
57798
5780
5781
57826
5784
5805
581
5810
5817
58190
5828
5829
583
58476
58486
58489
58497
58515
58527
586
5865
5866
5868
5869
5870
5872
5873
5876
5877
5884
5885
5887
5888
5891
5898
5899
5903
5905
5906
5910
5914
5916
5921
59277
5928
5931
5932
5933
59338
59339
5934
59343
59345
59349
5936
5937
5939
595
595135
5962
5965
5970
5978
598
5985
5993
5998
5999
602
60313
604
60401
60412
60485
6049
60492
60509
60558
60560
6059
60626
6093
6118
6197
6198
623
6239
6242
6249
6299
6307
6310
6314
6319
6320
6322
6334
6335
6341
6347
637
6383
63892
63897
63898
639
63901
63905
6391
63916
63967
6397
63979
6399
64062
64105
64130
64145
64149
64151
64172
641977
642
64210
64222
64223
64224
64225
64236
64282
642852
6429
642946
643155
64318
64332
64342
643836
64388
643911
64397
64398
64399
64400
64403
64412
64418
644192
64421
64426
64427
64429
6443
64430
64432
6448
645166
6452
645332
645513
64595
64599
6461
646329
64645
64651
64682
64689
64708
647087
64710
64743
64744
64745
64750
64760
64763
64764
64766
64768
64769
64770
64773
64776
64777
64778
64781
64782
64783
64784
64786
64793
6482
64841
64848
64853
64854
64858
64859
64900
6491
6492
64921
64924
64925
64940
6495
6498
65008
6502
65056
65062
65065
65080
65083
6509
65095
65109
65110
6513
6515
65220
65243
65266
653113
653160
6533
653308
6541
654342
6563
6567
6574
6575
6583
659
6591
65980
65981
65982
65983
65996
66008
661
6610
6611
6612
6625
6626
6627
6628
6632
6636
6646
6651
6654
666
6667
667
6670
6671
6675
6678
669
6711
6713
6714
6722
6728
6730
6738
6742
6744
6745
675
6751
6760
677
6772
6777
678
6780
6781
6787
6790
6804
6814
6815
6837
6838
6839
6861
687
6877
688
6880
6884
6885
6909
6910
6915
6917
692094
692099
6924
6926
6938
6940
6942
6945
699
6996
70
7003
7004
7009
701
7011
7014
7016
7020
7022
7024
7025
7026
7027
7029
7030
7046
7048
7050
7057
7058
7071
7072
7073
7082
7099
7126
7128
7132
7153
7158
7159
716
7162
7168
7172
7181
7182
7184
7186
7187
7189
7220
7222
7223
7227
7251
7263
7275
728264
728609
729375
7295
7296
729614
729678
7298
7307
731220
7316
7320
7322
7323
7324
7325
7328
7334
7337
734
7342
7345
7371
7372
7374
7385
7398
7402
7408
7411
7419
7424
7428
7436
7453
7456
7465
7468
7474
7486
7494
7508
7511
7514
7515
7516
7517
7518
7525
7529
7532
7533
7534
7541
7542
7543
7544
7553
7559
7561
7562
7564
757
7570
7571
7572
7576
7584
7594
7596
7597
7620
7621
7626
7627
7638
7639
7675
768211
7691
7692
7693
7697
7701
7705
7716
7728
7733
7741
7743
7746
7748
7752
7753
7760
7763
7764
7772
7773
7775
7779
7798
7803
7804
7812
7813
782
784
7840
7841
7849
7862
7866
7874
7879
7881
78994
78995
79003
79009
79017
79019
79020
79022
79023
79026
79027
79047
7905
79068
79073
79075
79086
79088
79089
79091
79094
79109
79135
79137
79155
79158
79172
79175
79177
79183
79191
79230
79363
79364
79415
79443
7957
79571
79572
79573
79590
79594
79602
79612
79621
79627
79631
79633
79634
79642
79643
79646
79669
79671
79673
79674
79675
79676
79677
79682
79685
79692
79693
79699
79718
79719
79720
79723
79724
79728
79733
79736
79745
7975
79754
79759
79780
79786
79788
79791
79796
79807
79809
79815
79827
79829
79830
79832
79833
79850
79862
79863
79868
79873
7988
79885
79886
79894
79902
79913
79915
79922
79934
79940
79943
79947
79954
79960
79966
79968
79973
79974
79980
79982
79986
79990
800
80005
80010
80011
80012
80013
80021
80023
80025
80067
80095
80110
80128
80143
80146
80152
80155
80162
8019
80195
80196
80198
80204
80207
80209
80212
80218
80227
80228
80232
80254
80255
80256
80264
80267
80271
80279
80308
80314
80324
80325
80331
80335
8034
80342
80346
80351
8036
8038
8045
8061
80700
80723
8073
80745
8076
80764
80774
80789
80790
80817
80824
80851
80854
8089
80895
8091
8100
81027
81029
81034
8131
8139
8148
81493
81539
81545
81552
81555
81556
81565
81573
81577
81579
81603
81609
8161
81610
81614
81619
81621
81624
81669
81671
81688
81789
81790
81792
81839
81844
81847
81848
81855
81856
8187
81873
81875
8189
81890
81894
81929
81931
81932
8195
8204
8233
8239
8242
8243
8260
8266
8269
8284
8287
8301
8303
831
8314
8322
8323
83440
83448
83451
83461
83468
83478
83479
8351
83540
83541
83591
83594
836
83605
83607
83636
83641
83707
83737
83742
83758
83786
83787
83852
83855
83857
83874
83879
83882
83891
83892
839
83930
83931
8394
8396
83990
84056
84079
84102
84105
8411
8412
84129
84132
84135
84141
84144
84146
84154
84159
84162
84168
8417
84173
84186
84191
84193
84197
84224
84230
84233
84236
84243
84245
84246
84251
84254
84255
84259
84260
84262
84268
84275
8428
84280
84285
84289
84295
84301
84302
84304
84307
84318
84320
84324
84327
84328
84330
84333
84340
84342
84343
8439
84436
84437
84441
84444
84445
84449
8445
84450
84458
84498
8450
84515
8452
84520
8453
84536
84541
84548
8458
8459
84614
8462
84622
84645
84662
84665
84668
84671
84675
84687
84696
84725
84740
84747
8476
84769
84792
84795
84807
8482
84833
84836
84848
84852
84861
84864
84865
84874
84876
84896
84897
84899
84901
84909
84910
84912
84913
84914
84919
8492
84920
84922
84930
84933
84934
84936
84939
84940
84946
84950
84955
84959
8496
84967
84975
84981
84984
84991
8500
85012
8502
85025
85026
85027
8504
8507
8509
85236
85360
85377
85444
85449
8545
85450
85458
85460
85463
85465
85476
8548
8550
8553
8566
857
8609
861
8613
8614
8615
8625
8629
8634
8642
8672
8674
8675
8678
8682
8702
8711
8720
8728
8731
8754
8760
8767
8772
8774
8776
8777
8800
8805
8819
8824
8826
8828
8829
8835
8837
8847
8848
8853
8863
8869
8871
8877
8879
8880
8881
8883
889
8890
8898
890
8910
89122
8914
8925
8934
8940
8974
8976
89795
89887
899
89910
8994
89970
90
900
90007
90102
90120
9016
9019
9020
90203
9021
90231
9031
90321
90324
90333
90338
90355
90381
90390
90407
90411
90417
9044
90459
90488
90506
90529
90557
9057
90627
9064
9069
9076
90809
90850
90853
9087
9088
9093
9096
90987
91
9101
91010
91039
9107
9110
9113
91151
9117
9121
9126
9128
91283
9129
9134
91351
91355
91369
91392
91404
91433
91442
91523
91544
9156
9162
91624
91653
9166
91661
9169
91694
9170
91748
91749
91752
91754
91775
91782
9180
91801
9181
91875
9188
9194
91947
9197
92014
9202
9208
9209
92092
9212
92126
92154
92181
92255
92285
9232
92344
9238
92399
92400
92482
9253
9258
92591
92595
9261
9262
9263
9265
92659
92667
92689
9270
92714
92715
9275
9276
92822
92906
9294
92949
9295
92999
9306
93081
93109
93134
9314
9317
9319
9320
9321
9324
9325
9329
9330
9334
9338
9342
9354
9360
9364
93649
9371
9373
9382
9391
93973
9399
94
94039
9404
9406
94081
94101
94103
94104
9424
94241
9439
9443
9446
9448
9454
9466
9467
9475
9477
9481
9486
9487
9489
9493
9497
9498
950
9519
9520
9527
9529
9531
9532
9550
9552
9553
9555
9563
9564
9570
9572
9575
9577
9583
9584
9590
9604
9609
9611
9618
9641
9643
9644
9645
9650
9652
9654
9657
9658
966
96610
9662
9663
9665
9669
9670
9672
9675
9679
9683
9686
9692
9695
9697
9700
9702
9703
9709
9710
9726
9728
9736
9738
9739
9744
9749
9753
9766
9776
9778
9779
9789
9792
9793
9794
9797
9805
9807
9813
9818
9819
9821
9823
9824
9827
9828
983
9831
9833
9837
9839
9841
9847
9853
9854
9857
9858
9859
9860
9867
9870
9871
9877
9880
9885
9886
9889
989
9890
9891
9895
9897
990
9909
991
9913
9915
9917
9918
9921
9922
9925
9926
9927
9929
9933
9937
994
9941
9943
9950
9953
9955
996
9962
9969
9972
9975
998
9980
9987
9988
9989
9990
9993
9994
10002
100129148
100129354
100129518
100130370
100130771
100131378
100131626
100131691
100132341
100133091
100133286
10018
100190939
100289373
100289495
100289673
100499467
100505633
100505768
100505854
100506136
100507062
100507412
10057
100847016
10087
100873954
10089
100996712
101
101055625
1014
101409258
10144
10157
10171
10235
1024
10267
1028
10297
1036
10384
10397
10402
10461
1047
10482
10485
10499
10500
10533
10566
10570
10603
10622
10677
10692
10749
10765
10818
10842
10870
10983
11040
1106
11092
11146
11177
112399
113115
113622
1140
1141
114781
114793
114881
115123
1152
115399
115548
115677
116238
116444
116519
116842
116986
117145
1181
118856
119391
120379
1209
121952
122622
123169
124401
124512
124925
124935
126006
126070
126248
126306
126364
126549
126661
126917
127018
127544
127833
128497
129303
130132
130507
1308
131076
131408
132949
1337
135295
1366
138429
138649
138724
140545
140825
140831
140893
1416
142680
142686
143570
143678
144132
145483
145748
146310
146330
146439
146456
146562
146802
148046
148113
148281
1488
1489
1491
149345
149998
150209
150356
150726
151194
1512
151306
151827
1521
152877
1534
153643
153770
155054
157807
157869
158056
158158
158358
158399
159
160851
162417
162655
1628
163059
163154
163183
164312
165545
171586
1742
1774
1775
185
1917
1944
1951
1960
196528
196541
196913
197021
199800
200539
200894
200931
201191
201255
202018
2027
2041
2049
2052
2116
215
219855
219970
220
2207
221060
221895
221955
222194
2232
2261
2281
22823
22853
22863
229
22944
230
23002
23037
23093
2315
2317
23174
23177
23210
23228
23232
23239
23248
23288
23293
23294
23307
23336
23348
23368
23382
23387
23414
23503
23513
23526
23584
23586
23590
23648
24146
2512
2517
2521
254122
254251
254263
254295
254359
2548
255057
255783
256126
256329
2564
256472
256691
257203
25794
25827
25837
25841
25920
259217
26057
26115
26164
26232
26256
26267
26275
2628
26355
26502
26504
26505
26507
26576
2661
26610
2677
268
26984
27006
27094
27107
27113
27253
2741
275
2780
2797
2827
282974
283130
283212
283229
283663
283677
283788
283860
284071
284086
284119
284353
284412
284680
284837
284900
285489
285512
285600
285819
286006
2872
2878
29097
2962
29841
29850
29895
29941
29950
29997
3038
3065
30819
3104
314
317662
317760
3196
3200
326340
3267
3294
3297
3299
338429
3386
339168
339453
339666
340665
3429
345193
3475
347736
348180
3483
348738
353149
353174
353500
3549
3574
36
360
3603
362
3659
3662
3665
374378
374868
374875
3752
375341
375791
3787
387496
387804
388524
388581
388649
388931
389084
3902
390595
3921
3972
400508
400709
400935
401
401551
401565
4034
414328
414918
4216
4217
4289
43
4300
431705
435
439921
440107
440300
440387
440590
440700
4599
4601
4643
4660
467
4678
4688
4741
4744
4772
4791
4793
4804
4850
4863
487
4880
4884
4885
4900
5000
5002
5003
50511
50618
5077
50846
50856
5096
51003
51067
51092
51099
51129
51149
51162
51194
51195
5122
51286
51294
51303
51307
51384
51385
51454
51555
51592
5164
51684
517
51703
51735
51751
51773
5209
5210
5272
5297
53841
53944
54014
5420
5430
54361
54456
5447
54507
54681
54737
54784
54805
54826
54875
54887
54902
5493
54933
54952
54991
55037
55080
55105
55137
55225
55269
55374
55410
55466
55471
55540
55561
55565
55621
55626
55660
55731
55805
55825
55853
55885
55901
55924
56
56203
56204
56241
56246
56478
5652
56927
56949
56984
56987
57035
57104
57129
5745
57464
57492
57519
57524
57526
57575
57585
57610
57644
57701
57710
57787
57835
57864
58
582
58509
58513
5913
5918
5929
593
60487
60674
6094
610
6136
6158
6175
6187
6236
6276
6286
63035
6305
6339
638
63906
63934
64005
6404
64061
64170
642475
642819
6433
64410
6442
64434
6470
64754
64772
6487
6500
65009
65125
65244
6558
6571
658
65997
6615
6621
670
6770
6776
6793
6829
6834
6835
6855
6899
6900
6901
6932
7066
7108
7127
7150
7157
7249
728448
7286
7290
729359
729420
729747
730183
7321
7349
7399
7404
7405
7421
7425
7429
7439
7447
745
7471
7633
7750
7768
78990
79002
79041
79096
79154
793
79411
79587
79595
79658
79670
79684
79710
79725
79729
79751
79758
79778
79805
79812
79823
79836
79853
79918
79929
7993
79930
79948
80004
8013
80199
80230
80233
80263
8027
80311
80765
80821
80835
8087
80896
80975
81617
81693
8178
81831
81928
8270
828
83394
83473
83546
83552
83715
83756
83858
83860
83869
83881
83886
83959
8404
84074
84174
84261
84266
84269
84274
84281
84292
84418
84706
84727
84733
8481
84856
84872
84904
84915
8493
84954
84957
84960
84978
85001
85007
85028
8526
8531
8576
8604
8621
8622
8646
8658
8694
8729
8744
8748
87769
8793
8798
8811
883
8844
8862
8867
8936
8938
89849
89884
9028
90342
9048
9063
9071
9092
90933
90952
9118
91319
91689
91734
91768
91807
91860
92
92106
92162
92609
9308
9390
94009
94015
94120
9479
9603
9651
9667
968
9696
9733
9757
9814
9825
9855
9958
10010
10011
100127983
100128252
100128731
100131801
10014
10015
10016
10024
10025
10026
100302692
10043
10046
10049
100506844
100507246
100507588
100526737
100528018
100533955
10054
10055
10056
10059
10061
10066
10067
10072
10073
10075
10076
10081
10084
1009
10092
10094
10095
10096
10097
10099
10101
10102
101060200
10109
10121
10124
10127
10130
10131
10134
10135
10139
10140
10146
10153
10159
10160
10163
10165
10168
10174
10175
10180
10184
10188
10189
1019
10195
10197
10199
102
1020
10204
10208
10210
10212
10213
10226
10227
10228
10237
10241
10244
10245
10247
10250
10257
1026
10262
10263
10265
10269
10270
10272
10273
10280
10284
10287
10294
10295
10296
10300
10311
10313
10314
10322
10327
10330
10360
10362
10365
10376
10381
103910
10392
10398
10399
10400
10409
10410
10412
10419
10421
10422
10426
10427
10428
10430
10434
10435
10438
10440
10444
10449
10450
10455
10456
10457
10459
10463
10465
10467
10469
10478
10479
10480
10483
10487
10488
10489
10490
10491
10493
10494
10513
10514
10516
10520
10524
10525
10531
10534
10535
10536
10539
10540
10542
10548
10549
10550
10552
10553
10555
10556
10557
10558
10561
10567
10569
10573
10574
10576
10577
10581
10585
10589
10591
10594
10598
10608
10609
10612
10616
10617
10620
10621
10626
10627
10631
10640
10641
10652
10654
10656
10667
10668
10672
10681
10682
10694
10713
10714
1072
10724
10725
10726
10728
10730
10741
1075
10755
10763
10769
10773
10775
10782
10783
10785
10787
10797
10801
10808
10813
10844
10856
10857
10868
10884
10890
10892
10897
10904
10906
10907
10908
10910
10920
10921
10922
10923
10926
10933
10935
10939
10944
10945
10946
10948
10950
10951
10952
10954
10956
10957
10959
10961
10963
10970
10971
10972
10975
10978
10980
10981
10985
10988
10989
10992
10994
10999
11000
11004
11017
11021
11031
11034
11035
11044
11047
1105
11051
11056
11065
11066
11068
1107
11079
1108
11091
11097
11098
11100
11101
11103
11108
1111
11112
11119
11124
11127
11128
11133
11137
11140
11142
11152
11153
11161
11163
11164
11167
11168
11173
11179
11182
11187
11188
11190
11194
1121
11212
11213
11214
11218
11222
11224
11231
11235
11236
112464
112495
11252
11253
11257
112574
11258
11261
112616
112755
112812
11282
11285
112939
113
1130
113000
113026
113146
11315
113178
113251
11331
11334
11335
11336
11337
11338
11340
11343
11344
11345
113452
11346
113655
113675
113829
114049
114789
114826
114879
114908
114926
114932
114984
114991
115024
115098
115196
115290
115294
1153
115353
1155
115557
115572
115704
115908
115939
116028
116064
116113
116138
116143
116254
1163
116461
116841
116985
116988
117246
1173
1174
1175
117581
118
118424
118429
118813
1191
119392
119587
1198
1200
1203
120526
1207
121053
1212
121227
122416
122704
122830
122961
123
123016
123096
123263
123283
123811
124044
124045
124402
124565
124801
124808
124995
125061
125144
125170
126003
126119
126208
126298
1263
126321
126374
1264
1265
1267
126731
126789
127002
127262
127281
127396
127687
1278
127829
127933
128
1281
1282
128240
128387
1284
128439
128866
1289
128989
1291
129138
1292
1294
130074
130497
1307
130916
1312
1314
131601
132241
132321
1326
132660
1327
132720
132789
132864
1329
133
133619
133686
133746
133957
134
1340
134430
1345
134510
1347
1349
134957
1350
1351
135112
135154
1352
135228
1353
1362
1363
136647
1374
137886
138199
1382
1384
1385
1386
1389
139322
139596
1398
14
140460
140461
140465
140467
140564
140606
140710
140735
1408
140823
1410
142
142678
142891
1429
142940
143
1431
143384
1434
143903
144097
144108
144110
144363
144404
1445
144717
144983
1454
145864
146198
146434
1465
1466
146691
146909
147179
147495
1476
147657
1477
1478
147912
147923
147947
148170
148223
148266
148304
148398
148413
149041
1495
1499
150223
150274
150472
150678
150684
150776
1508
151188
151477
151636
1519
151963
151987
152002
152007
152100
152137
1522
152559
152579
1528
153339
153396
153443
1535
153527
153571
153642
153733
154141
1545
154743
155061
156
157697
157922
158
158219
1593
159371
1595
16
160
1603
1604
1609
161
1611
161159
1613
161424
1615
1622
162394
162427
1627
162962
162989
163
163033
163087
1634
1635
163786
163859
1639
1642
1643
1647
165
1650
1653
165324
1654
1656
166
166378
1666
166647
166785
168451
168850
169714
170384
170394
170622
171023
1716
1718
1725
1727
1728
1729
1736
1737
1738
1743
175
1759
1778
1781
1786
1801
1803
1808
1809
1819
182
1822
1841
1846
1847
1855
1857
1859
1869
1874
1877
1889
1890
1892
19
1901
191
1915
192111
192286
1938
1953
1958
195828
196
1964
196463
196483
1965
196527
1967
1968
197131
197322
197407
1975
1977
1978
1984
1992
199704
1998
199870
199990
200185
200186
200312
200576
2006
200845
200916
2010
201254
201292
2013
2014
201475
201514
201595
201626
201725
2022
2023
203
203286
2033
203427
204
2048
2050
205428
2057
2063
2064
2068
207
2071
2072
2079
208
2091
2101
2108
2109
211
2114
2117
2121
2130
2132
2140
2146
217
2170
2171
2176
2181
2182
2184
2192
2193
2197
219771
219854
2199
219927
219931
22
2200
220002
2201
220134
220323
220441
220992
221
221079
221154
221184
221303
221830
221883
222068
2222
222236
222663
223
2235
2237
2242
2245
2260
2271
2273
22794
22795
22801
22803
22809
22818
22820
22826
22827
22835
22837
22848
2286
2287
22870
22872
22873
22876
2288
22880
22885
22894
22904
22907
22908
22913
22916
22919
22920
22921
22927
22930
22931
22938
22948
22949
22985
22992
22998
23005
23008
23011
23016
23020
23023
23024
23028
23036
23047
23059
23061
23062
23065
23071
23076
2308
23089
2309
23097
231
23107
23111
23112
23113
2312
23129
23132
2314
23142
23148
23154
23158
23160
23164
23165
23169
23170
23172
23173
2318
23181
23184
23187
2319
23191
23193
23195
23199
23203
23204
23207
23219
23223
23234
23235
23241
23255
23259
23265
23269
23275
23276
23287
23291
23295
23299
23304
23313
2332
23322
23324
23325
23326
23344
23347
2335
23350
23352
23354
23355
23358
23363
23370
23371
23376
23379
23381
23385
23389
23396
23399
23400
23403
23406
23411
23421
23423
23424
23433
23450
23456
23457
23463
23467
23474
23476
23479
23480
23481
23500
23509
23511
23515
23516
23518
23523
23524
23527
23549
23552
23556
23557
23558
2356
23560
23567
23580
23582
23585
23589
23593
23595
23597
23600
23608
23609
23612
23613
23625
23637
23640
23643
23644
23645
23646
23654
23659
23673
23759
23761
23765
23780
23787
23788
24138
24139
24145
24148
2483
25
252839
2530
253260
2534
253430
253512
2537
253725
253832
2539
254102
254170
2542
254428
254531
2547
2549
255031
255104
2553
255394
255520
255928
256281
256302
256471
256987
257218
25776
25777
25778
25782
25792
25793
25798
25800
258010
25804
25813
2582
25824
25825
25828
25844
25851
25853
25855
25871
25873
25874
25875
2588
25886
25891
25897
2590
25902
25911
25912
259173
25925
25926
259282
25941
25942
25943
25945
25960
25963
2597
25970
25973
25977
25978
25980
25987
25994
25996
25999
26000
26002
26012
26017
26020
26022
26031
26046
26048
26056
26058
26060
26063
26073
26086
26088
26090
26092
26098
26099
26100
26119
26123
26127
26133
26135
26136
26156
2617
2621
26224
26227
26234
2624
26240
26259
26260
26262
26273
26284
26286
2631
2632
26353
26354
2639
26472
26503
26517
26519
26521
26523
26528
2653
26574
26589
2664
267
267002
2671
2683
2686
26959
26993
26994
26995
27018
27020
27031
27037
27043
27068
27069
27072
27085
27090
27095
27097
271
27101
27122
27125
27153
27158
27166
27173
2720
27235
27236
27238
27242
27243
27244
27247
27249
27254
27258
2729
27309
27314
27316
27327
2733
27330
27335
27339
2734
27341
27342
27346
27347
27348
27351
2739
274
27429
27433
27434
27436
27440
2746
2760
2764
2767
2771
2773
2776
2778
2783
2784
2787
2791
2799
2805
2806
2817
2821
2824
2825
282969
282991
283219
283232
283464
283578
283638
283742
283989
283991
284001
284129
284184
284207
2843
284323
284361
284611
284802
284889
28511
28512
285282
285349
285527
285672
285753
286053
286097
286343
286451
2870
2873
2879
2882
2885
2889
28956
28958
2896
28960
28962
28964
28969
28972
28974
28976
28978
28988
28989
28991
29
290
29028
29035
29058
29062
29072
29074
29078
29081
29083
29086
29088
29094
29099
29101
29103
29105
29107
29110
292
2923
2934
2935
2936
2937
2944
2952
2958
2960
2961
2963
2967
2971
29781
29789
29796
29800
29801
29843
29855
2987
29880
29883
29889
2990
29901
29916
29919
29926
29928
29934
29937
29940
29948
29952
29953
29956
29957
29959
29966
29967
29968
29979
29982
29984
29985
29990
29995
29998
30
30008
3015
302
3020
3021
3028
3029
3030
3032
3035
3054
3064
3068
3069
307
3074
308
30815
3082
30827
30832
30836
30844
30846
3087
309
3090
3094
30968
3098
310
311
3151
3155
3156
3159
3163
3164
3178
318
3181
3184
3187
3190
3191
3209
322
324
3257
3265
327
3276
328
3281
3295
3298
3300
3301
3309
3313
3315
3326
3329
3337
3339
334
3344
337876
3383
338773
338799
339105
339201
339230
339231
339366
339448
339451
339487
3396
339665
339745
339761
3398
339803
339942
34
340037
340252
340385
3417
3418
3421
3422
3425
3428
344787
3454
345757
345778
3459
3460
347517
3476
3480
3482
348262
3486
3487
3488
3489
3490
3508
351
3516
353
353116
355
3550
3551
3590
3597
3608
3611
3613
3614
3615
3631
3636
3638
3646
3654
3655
3670
3675
3678
369
3692
3693
37
3703
3704
3710
3712
3728
373
373156
3735
373863
374654
374655
374882
375
375248
375287
375513
375757
375790
376497
378
3781
379
3797
381
3832
3836
3838
384
3841
3843
3856
387
387103
387119
387338
3875
387509
387882
387893
388272
388591
388610
388722
388753
388789
388962
389
389119
389203
389432
389541
3897
389831
39
390
3912
391322
391356
3915
3916
392
3920
392255
3925
3927
3939
3945
3953
3954
3956
3958
3959
396
3964
3981
3992
399474
3995
3996
399664
3998
399909
4000
4001
401152
4012
401466
401505
4016
4035
4037
4047
4048
405
4052
4053
4055
4061
4076
4082
4085
4086
4087
4090
410
4116
4122
4134
4149
414919
4162
4171
4173
4174
4179
4190
4191
4193
4199
4200
421
4215
4218
4221
4237
4240
4245
4249
4257
4259
427
4286
4287
4296
4298
4302
4303
4313
4320
4326
4337
4338
4351
4358
439
439931
440515
440689
441951
4437
4478
4485
4507
4521
4522
4552
4580
4597
4615
4616
4627
4628
463
4636
4637
4641
4644
4666
4669
4670
4673
4677
4686
4690
4691
4694
4695
4696
4697
4698
47
4701
4702
4704
4705
4706
4707
4708
4710
4711
4712
4713
4715
4716
4720
4722
4723
4724
4725
4726
4728
4729
4733
4734
4736
475
4751
476
4771
4774
4782
4784
4796
4798
48
4802
4809
481
4811
4824
483
4833
4835
4839
4848
4853
4854
4856
488
4882
4913
4919
4924
4926
4927
493753
493900
4942
4947
4953
4957
4976
498
4982
49856
5001
5018
5019
5033
5034
5036
5037
50484
5049
5050
50509
5052
5058
506
50626
50640
50808
50810
50813
50814
50853
50861
50862
50865
5087
509
5092
51
51002
51005
51009
51013
51015
51016
51019
51023
51024
51026
51031
51042
51060
51065
51068
51071
51073
51074
51081
51091
51094
51097
5110
51107
51108
51109
5111
51111
51112
51115
51118
51119
51121
51123
51124
51126
51128
51132
51133
51138
51143
51144
51148
51150
51154
5116
51160
51164
51166
51167
51171
51172
5118
51182
51184
51185
51187
5119
51201
51218
51226
51228
51231
51232
51234
51239
51246
51247
51248
51251
51253
51255
51257
51258
51259
51260
51277
5128
51282
51287
51292
51295
5130
51300
51304
51320
51321
51322
51329
51330
51333
51337
51340
51362
51368
51371
51372
51373
51374
51375
51379
51382
51386
51388
51389
51397
51399
51400
51406
51428
51429
51433
51435
51447
51450
51451
51491
51493
51495
51496
51497
515
51501
51503
51506
51507
51510
51514
51517
51520
51522
51527
51528
51529
51534
51535
51538
51545
51547
51548
51559
5156
51573
51582
51586
51588
516
5160
51604
51605
51606
51614
51616
5162
51622
51629
51633
51634
51639
51645
51647
51649
51650
51657
51659
51660
51663
51667
5167
5168
51693
51699
51700
51706
51714
51720
51727
51728
51729
51752
51759
5176
51762
51768
518
51804
51808
5184
5187
5188
5192
5194
52
5202
5203
5204
521
5211
5213
5214
5216
522
5223
5226
5229
523
5230
5236
5238
5245
5250
5253
526
5261
5264
5270
5289
529
5296
5300
5315
5324
5325
533
5331
5333
53339
53349
5335
53354
53371
53373
5338
5339
53407
5351
5352
5356
5358
5361
5362
537
5371
5373
53827
53834
53917
5393
5395
54065
54069
54101
54107
54148
54187
54205
5423
5424
5425
5428
5431
5432
54331
5434
5437
5438
54386
5440
54414
5442
54442
54443
5445
54455
54460
54469
54472
54478
54495
54498
54499
54512
54516
54520
54521
54540
54543
54567
54583
54587
54602
54606
54620
54623
54625
5464
54662
54664
54675
54677
5469
54708
5471
54726
54732
5476
54776
5478
5479
54790
54797
5480
54800
54813
54814
54815
54819
54832
54849
54853
54859
54861
54862
54867
54868
54874
54881
54884
54888
54890
54893
54899
549
54906
54918
54927
54928
54931
54935
54939
54940
54947
54948
54951
5496
54960
54961
54963
54965
54970
54972
54973
54974
54976
54981
54982
54985
54987
5499
54994
54996
54998
550
5500
55003
55007
5501
55010
55011
55012
55013
55017
55020
55023
55031
5504
55040
55049
55052
55069
55072
55081
55088
55089
55094
55095
5510
55101
55103
55106
55108
55109
55113
55127
55129
55131
55140
55142
55146
55148
55149
5515
55153
55156
55159
55164
55166
55173
55174
55175
55177
5518
5519
55190
55191
55192
55196
55201
55206
55207
55208
55210
55212
55224
55227
55239
5524
55243
55246
55250
55251
55256
55258
5526
55268
5527
55270
55276
55278
55285
55293
55296
55298
55299
55300
55308
55311
553115
55312
55319
55320
55324
55327
55337
55341
55347
55351
55352
55355
5536
55361
55379
5538
55384
55450
5546
5547
55486
5550
55505
55529
55571
55573
5558
55589
55603
55604
55608
55609
55610
55611
55616
55623
55627
55628
55631
55634
55644
55646
55651
55653
55658
5566
55661
55662
55663
55664
5567
55670
55676
55679
55687
55696
55697
55699
55702
55703
55707
55715
55717
55720
55723
55727
55729
5573
55734
55735
55737
55738
55739
55742
55743
55746
55750
55754
55755
55758
55759
5576
55764
55770
55773
55781
55791
55819
55823
55827
55829
55832
55837
5584
55841
55844
55845
55847
55848
5585
55850
55851
55857
55858
55862
55869
55871
5589
55898
55902
55905
55907
5591
55915
55920
55954
55967
55968
55971
55973
55974
55975
5600
56005
5605
56061
5609
5611
5612
56172
5621
56254
56255
56265
5631
5634
5654
56548
5660
56648
56654
56655
56666
56674
56675
56681
567
56731
5682
56829
56848
56851
5686
5688
56889
5689
56897
5690
56902
56904
56905
56907
5691
56910
56916
56917
5692
56922
56926
56928
5693
56931
5694
56942
56943
56944
5695
56950
56951
56975
56980
56983
5699
56993
56994
5700
57003
5701
57017
57018
57019
5702
57020
57037
57038
5704
5705
57060
57062
5708
57085
57088
5709
57097
5710
57102
57107
57109
5711
5713
57136
5714
57142
57146
57149
5715
57161
5717
57175
57178
5719
57190
57192
57194
572
5720
57209
5721
57224
573
57332
57333
57335
5737
57380
57403
57405
57410
5742
57446
57455
57465
57470
57473
57484
57488
57498
57510
57511
57515
57523
5754
57551
57552
57555
57558
57561
5757
57579
57583
57597
57599
57602
57614
57617
5763
57636
57646
57647
57648
57649
57655
57658
57666
57678
5768
57680
57691
57693
57695
57698
57704
57708
57711
57719
57720
57721
57722
57730
578
57805
57820
5783
5786
57862
5792
5818
58189
5819
5822
5825
5826
5830
5831
5832
5833
5834
5836
58472
58477
58478
58485
58488
58490
58493
58505
58506
58516
58525
58526
58533
5859
5861
5862
5867
5875
5878
5879
5883
5886
5889
5894
58986
5901
5902
5908
5911
5917
5922
5925
59286
5935
594
595101
5955
5976
5977
5981
5982
5983
5986
60
6001
6009
6016
6018
60312
60314
60343
60370
6045
6047
60481
60488
60490
60496
6050
6051
60526
60528
60559
60561
60673
60681
60682
60684
6100
6102
6120
6122
6128
6129
6130
6133
6135
6143
6144
6146
6150
6152
6154
6155
6156
6157
6159
6160
6164
6167
6168
6169
617
6170
6171
6181
6184
6185
6188
6189
6191
6192
619208
6193
6194
6199
6201
6202
6203
6205
6207
6208
6209
6210
6217
6223
6227
6228
6229
6230
6231
6233
6234
6238
624
6240
6241
6251
6256
6259
6272
6274
6275
6277
6281
6282
6284
6300
6301
6302
6303
6309
633
6342
6382
63826
6385
6386
6387
63874
63875
63877
6388
6389
63893
63894
6390
63910
6392
63922
63929
63931
63932
63933
63939
63941
6396
63971
6400
64065
64083
64087
64089
64118
64121
64131
64132
641467
6415
6416
641638
64175
6418
64215
64216
6422
6426
6428
642846
64285
6431
64320
64324
64327
64328
6434
64343
64359
643641
64376
643866
64393
644
64411
64417
64422
64423
64425
64428
64431
644873
6449
645
6451
6455
645638
64598
646
64601
6464
646762
6472
6474
64746
64748
64755
64756
64759
64771
64779
6478
64780
64789
64794
64801
64802
6483
64834
64838
6484
64843
64844
64847
64852
64855
64897
649
64928
6494
64943
64960
64963
64965
64968
64969
64979
64983
65003
65005
65018
65082
6510
65123
6520
6522
65260
65263
65264
65265
653121
653319
653784
6560
657
6576
6594
6595
6596
6598
65985
6599
65990
65991
65992
65993
65998
66005
6601
6602
6603
66036
6604
6605
6609
6613
6617
6618
6619
662
6629
663
6631
6633
6634
6635
6637
6640
6643
6645
6647
6648
6649
665
6662
6687
6697
6709
6715
6717
6720
6721
6723
6726
6727
6729
6731
6732
6733
6734
6737
6741
6746
6747
6748
6749
6767
6773
6774
6778
6782
6785
6788
6789
6792
6801
6809
6810
6836
6844
6856
686
6867
6876
6882
6888
689
6897
6902
6905
6907
6908
6921
6923
6925
6929
6935
6936
6944
6949
6950
6988
6990
6993
7001
7005
7013
7023
7035
7037
7040
7041
7045
7049
705
7052
7059
706
7064
7067
7077
708
7083
7086
7091
7094
7095
7097
71
7105
7106
7109
7110
7112
7114
7145
7155
7165
7167
7169
7170
7171
7174
7188
72
7203
7204
7205
7216
7247
726
7264
7265
7266
7267
7270
7272
728215
728294
7283
728361
7284
7289
729013
729082
7291
729234
729288
729852
730087
7301
730101
7311
7314
7317
7318
7319
7326
7327
7329
7332
7336
7341
7347
7355
7357
7358
7360
7375
7381
7384
7386
7388
7389
7390
7391
7392
740
7412
7414
7415
7416
7417
7422
7430
7431
7444
7458
746
7466
7472
7483
7485
7520
7531
7536
7538
7539
754
7545
7549
755
7555
7566
7581
7582
7625
7629
767558
7706
7709
7738
7755
7761
7762
7791
781
7837
7846
7851
7867
7873
7884
78988
78992
790
79000
79004
79016
79029
79031
79033
79034
79035
79036
79038
79039
79042
79053
79065
79070
79072
79078
79080
79083
79084
79087
7913
79133
79139
79140
79142
79143
79145
79156
79157
79161
79171
79174
79184
79188
79269
79412
7942
79465
79567
79568
79577
79581
79586
79596
79598
79607
79622
79624
79629
79641
79647
79648
79649
7965
79650
79651
79654
79657
79659
79660
79666
79672
79691
79694
79701
79703
79707
79709
79711
79716
79717
79734
79735
79746
79752
79760
79763
79768
79770
79776
7978
7979
79792
79797
79798
79801
79810
79811
7982
79831
79837
79869
79872
79874
79875
79877
79882
79883
79884
79888
79890
79892
79893
79899
79901
79903
7991
79912
79917
79921
79924
79962
79991
8000
80006
80007
80014
80018
80019
80020
80097
801
80114
80124
80131
80135
80139
80142
80145
80148
80176
80178
80179
80185
80194
80205
80210
80213
80219
80270
80273
8030
80304
80305
80328
80332
80339
80344
80347
80349
80381
8065
80709
80727
80746
80762
80777
8078
8079
808
80818
80823
80853
80856
8086
8099
81
81031
81037
811
8125
813
8140
81502
81533
81537
81542
81554
81562
81566
81572
81576
81578
81605
81606
81611
81618
81620
81622
81627
81628
8165
817
81788
81794
818
81857
81858
81876
81887
81889
81892
819
8192
81926
81930
8202
8209
821
8216
822
8220
823
8237
824
8241
826
8273
8289
829
8295
830
8310
8315
8317
8318
832
833
83442
83463
83475
83480
835
83548
83549
83590
83596
83604
83606
83608
83638
83640
83642
83658
83660
837
83700
83732
83743
83746
83861
83862
83871
83877
83932
83933
83940
83941
83982
83989
840
8405
84058
84061
84064
84065
84067
84068
84069
8407
8408
84080
84100
84108
84128
84131
84138
84142
84148
84153
84164
84171
84172
84188
84196
84206
84216
84232
84248
84250
84256
84263
8427
84270
84271
84272
84273
84279
84284
84287
84294
84296
84299
84300
84305
84311
84313
84316
84326
84331
84336
8434
84364
84365
84376
8440
8443
8444
84447
8446
8451
84513
84514
84516
84529
8454
8455
84572
84617
84619
84626
84629
8463
84641
84669
8467
84678
84681
84693
84695
847
84705
84709
84720
84722
84726
84752
84759
84775
84790
84798
84804
84811
84817
84823
84838
84844
84858
84878
84881
84885
84886
84888
84893
84895
84902
84908
8491
84916
84918
84923
84925
84926
84928
84932
84938
84945
84961
84962
84964
84969
84971
8498
84987
84988
84993
8501
85013
85014
85021
8506
8508
8517
8518
8519
8520
8525
85301
85313
85315
8533
85359
85365
85369
85371
8539
85395
85403
8543
85437
85440
85456
85457
8546
85464
8558
8560
8562
8563
8565
8568
8570
8572
8574
85865
86
8607
8612
862
8624
8636
865
8653
8654
8655
8659
8660
8661
8662
8664
8666
8667
8668
8669
867
8683
8692
8697
87
8704
871
8714
8717
87178
8721
8722
8723
8724
8725
8726
8727
8733
8737
8738
875
8763
8766
8773
8775
8801
8802
8803
8815
8816
8818
8833
8834
8836
8841
88455
8850
8861
8864
8872
88745
8878
8882
8884
8886
8888
8891
8892
8893
8894
8895
8896
8899
8904
8905
8907
891
8915
8916
8924
8930
8932
8939
8943
8975
89796
89797
898
89801
89845
89848
8985
8986
89891
8991
8992
89927
89958
90024
90075
90121
9013
9014
9015
902
90204
9022
90226
9025
90268
90313
90317
90326
90353
9037
90379
9039
904
9040
90410
90416
9043
9045
90480
9049
905
90507
9052
90550
9060
9061
90637
90649
90673
9070
90701
90780
90806
90826
90843
9086
90861
90864
90871
90874
9091
9094
90956
90957
9097
90990
90993
9100
91012
91107
9112
91120
91137
9114
91179
9124
9125
91252
91272
91289
91298
9130
91300
91304
9131
91316
9135
9136
91373
9140
91408
9141
91419
9144
91445
91452
9146
9147
91574
9158
9159
91607
91608
91663
91664
9167
9168
9183
9184
91869
9191
91942
91949
9200
92002
9204
92070
92105
92140
92170
9218
9219
9221
92259
9230
92305
9231
92312
92345
9255
92579
9260
92610
9266
9267
92703
9274
92799
928
9282
9284
92856
92912
93129
9315
9318
93185
93210
9322
9326
9328
93323
93343
93349
9337
93380
9341
9343
93436
93487
9349
9351
9352
9358
93621
93622
93624
93663
9367
9372
9375
9377
9380
9394
9397
94005
9401
9403
94056
9409
9410
9411
9412
9415
9416
9419
9422
9440
9441
9442
9444
9445
9451
9453
9470
9474
9488
9491
9496
9500
9507
9509
9510
9512
9513
9516
9517
9522
9525
9528
9530
9537
9538
9541
9546
955
9556
9559
9562
9578
958
9581
9585
9588
9589
9592
960
9600
9601
961
9610
9612
9616
9631
9632
9636
9639
9647
9648
965
9655
967
96764
9678
9682
9684
9685
9688
9689
9690
9693
9694
9711
9716
9724
9725
9731
9741
9747
9748
975
9750
9751
9760
9761
9764
9765
9768
977
9772
9774
9777
9780
9782
9784
9790
9791
9798
9801
9802
9804
9811
9812
9815
9816
9817
9826
9861
9862
9868
9869
9875
9879
988
9882
9894
9898
9902
9905
9907
9908
9919
9923
993
9948
9960
9967
997
9973
